ABCDEFGHIJKLMNOPQRSTUVWXYZАБВГДЕЁЖЗИЙКЛМНОПРСТУФХЦЧШЩЪЫЬЭЮЯ0123456789 +-_:[]<>#.=/\%()*?!^&'";@$,—№~|`{}°±¿
A
0110
1001
1111
1001
1001
B
1110
1001
1110
1001
1110
C
0110
1001
1000
1001
0110
D
1110
1001
1001
1001
1110
E
1111
1000
1110
1000
1111
F
1111
1000
1110
1000
1000
G
0110
1000
1011
1001
0110
H
1001
1001
1111
1001
1001
I
1111
0010
0010
0010
1111
J
0111
0010
0010
0010
1100
K
1001
1010
1100
1010
1001
L
1000
1000
1000
1000
1111
M
0101
1011
1001
1001
1001
N
1001
1101
1011
1001
1001
O
0110
1001
1001
1001
0110
P
0110
1001
1110
1000
1000
Q
0110
1001
1001
1011
0110
R
0110
1001
1110
1010
1001
S
0111
1000
0110
0001
1110
T
1111
0010
0010
0010
0010
U
1001
1001
1001
1001
0110
V
1001
1001
0101
0101
0010
W
1001
1001
1001
1010
0101
X
1001
0101
0110
1010
1001
Y
1001
0101
0010
0010
0010
Z
1111
0001
0010
0100
1111
А
0110
1001
1111
1001
1001
Б
1110
1000
1110
1001
1110
В
1110
1001
1110
1001
1110
Г
1111
1000
1000
1000
1000
Д
0110
0010
0110
1001
1001
Е
1111
1000
1110
1000
1111
Ё
0101
1000
1111
1000
0111
Ж
1010
1011
0110
1101
0101
З
1110
0001
1110
0001
1110
И
1001
1001
1011
1101
1001
Й
0100
1001
1011
1101
1001
К
1001
1010
1100
1010
1001
Л
0001
0011
0101
0101
1001
М
0101
1011
1001
1001
1001
Н
1001
1001
1111
1001
1001
О
0110
1001
1001
1001
0110
П
1111
1001
1001
1001
1001
Р
0110
1001
1110
1000
1000
С
0110
1001
1000
1001
0110
Т
1111
0010
0010
0010
0010
У
1001
1001
0101
0010
1100
Ф
0111
1010
0111
0010
0010
Х
1001
0101
0110
1010
1001
Ц
1010
1010
1010
1111
0001
Ч
1001
1001
0111
0001
0001
Ш
1001
1001
1001
1010
0101
Щ
0101
1001
1010
1111
0001
Ъ
1100
0100
0110
0101
0110
Ы
1001
1001
1101
1011
1101
Ь
1000
1000
1110
1001
1110
Э
0110
1001
0011
1001
0110
Ю
1010
1101
1101
1101
1010
Я
0011
0101
0011
0101
1001
0
0111
0101
0101
0101
0111
1
0010
0110
0010
0010
0111
2
0111
0001
0111
0100
0111
3
0111
0001
0011
0001
0111
4
0101
0101
0111
0001
0001
5
0111
0100
0111
0001
0111
6
0111
0100
0111
0101
0111
7
0111
0001
0010
0100
0100
8
0111
0101
0111
0101
0111
9
0111
0101
0111
0001
0111
 
0000
0000
0000
0000
0000
+
0000
0010
0111
0010
0000
-
0000
0000
0111
0000
0000
_
0000
0000
0000
0000
1111
:
0000
0100
0000
0100
0000
[
0110
0100
0100
0100
0110
]
0110
0010
0010
0010
0110
<
0010
0100
1000
0100
0010
>
0100
0010
0001
0010
0100
#
1010
0101
1010
0101
1010
.
0000
0000
0000
0000
0100
=
0000
0111
0000
0111
0000
/
0001
0010
0110
0100
1000
\
1000
0100
0110
0010
0001
%
1001
1010
0000
0101
1001
(
0010
0100
0100
0100
0010
)
0100
0010
0010
0010
0100
*
0000
0100
0010
0000
0000
?
0110
1001
0010
0000
0010
!
0010
0010
0010
0000
0010
^
0010
0101
0000
0000
0000
&
0110
1001
1010
0100
1011
'
0010
0010
0000
0000
0000
"
0101
0000
0000
0000
0000
;
0000
0010
0000
0010
0100
@
0110
1001
1010
1101
0110
$
0111
1010
0110
0011
1110
,
0000
0000
0000
0010
0100
—
0000
0000
1111
0000
0000
№
0001
1000
1101
1011
1001
~
0000
0101
1010
0000
0000
|
0010
0010
0010
0010
0010
`
0100
0010
0000
0000
0000
{
0011
0010
0110
0010
0011
}
1100
0100
0110
0100
1100
°
0010
0101
0010
0000
0000
±
0010
0111
0010
0000
0111
¿
0100
0000
0100
1001
0110